9.785700440406799316e-01
-1.795370317995548248e-02
-3.970137536525726318e-01
-3.608650714159011841e-02
2.982993125915527344e-01
-1.264411091804504395e+00
-2.534945011138916016e-01
-2.492921650409698486e-01
1.510642319917678833e-01
9.402685165405273438e-01
3.744072616100311279e-01
-3.621347248554229736e-01
4.465578198432922363e-01
6.204751729965209961e-01
2.792543470859527588e-01
6.344953775405883789e-01
-7.835491299629211426e-01
-4.591924250125885010e-01
3.966512084007263184e-01
1.085741519927978516e+00
2.635720074176788330e-01
4.703131616115570068e-01
6.774649620056152344e-01
3.031321167945861816e-01
5.317131429910659790e-02
9.206592440605163574e-01
-6.269683241844177246e-01
-1.028216004371643066e+00
1.100002154707908630e-01
-5.893859863281250000e-01
-9.041365981101989746e-01
-1.809448562562465668e-02
-1.883006453514099121e+00
-8.822485804557800293e-01
1.028607606887817383e+00
-6.949948668479919434e-01
-5.221379995346069336e-01
8.962094783782958984e-01
5.056342482566833496e-01
1.058215349912643433e-01
4.736822545528411865e-01
1.464935421943664551e+00
2.095152586698532104e-01
-7.018762826919555664e-02
-3.823325932025909424e-01
3.296499252319335938e-01
2.698403000831604004e-01
-1.406969904899597168e+00
3.397195339202880859e-01
-1.968010514974594116e-01
3.781209886074066162e-01
-6.921405792236328125e-01
1.203160807490348816e-01
-3.613913655281066895e-01
-7.471112906932830811e-02
2.030472755432128906e-01
4.608638882637023926e-01
3.838524520397186279e-01
-6.052340939640998840e-02
8.077974319458007812e-01
-1.152844786643981934e+00
-6.378540992736816406e-01
-8.718351274728775024e-02
-2.114762663841247559e-01
7.557989954948425293e-01
1.147144362330436707e-01
8.147408962249755859e-01
5.812914371490478516e-01
7.602136135101318359e-01
4.358902946114540100e-02
-7.085680961608886719e-01
-7.504084110260009766e-01
6.274433135986328125e-01
-1.056896805763244629e+00
4.343619048595428467e-01
9.425568580627441406e-01
-6.096182465553283691e-01
-3.388072848320007324e-01
-2.837173640727996826e-01
3.317437469959259033e-01
-4.478679299354553223e-01
2.496515810489654541e-01
-3.011176176369190216e-02
-8.756091445684432983e-02
-1.251946568489074707e+00
-3.591659963130950928e-01
-8.263233900070190430e-01
-9.352781772613525391e-01
4.735277891159057617e-01
6.949332356452941895e-01
-9.151378273963928223e-01
-3.287335624918341637e-03
-7.903627753257751465e-01
4.413884878158569336e-01
-4.541207253932952881e-01
1.240513086318969727e+00
1.729422248899936676e-02
8.896785229444503784e-02
6.280838251113891602e-01
-1.133761480450630188e-01
