3.940030336380004883e-01
-4.574984908103942871e-01
-4.131040871143341064e-01
-2.595407664775848389e-01
1.032638698816299438e-01
-3.213255107402801514e-02
-9.446035027503967285e-01
-4.066100344061851501e-02
1.551907658576965332e-01
7.619073987007141113e-02
2.882023714482784271e-02
-1.112488865852355957e+00
-4.023722112178802490e-01
2.500516176223754883e-01
2.823518812656402588e-01
3.340736627578735352e-01
5.494477152824401855e-01
-2.056367397308349609e-01
-1.263303309679031372e-01
4.805099666118621826e-01
3.662472963333129883e-01
-5.820007994771003723e-02
-6.672791391611099243e-02
1.381538957357406616e-01
-3.357451558113098145e-01
2.850238084793090820e-01
5.847692489624023438e-03
-9.527491331100463867e-01
4.126567766070365906e-02
4.121593236923217773e-01
-1.017944514751434326e-01
-3.469221889972686768e-01
4.015830457210540771e-01
-3.657163977622985840e-01
1.334862262010574341e-01
-3.276289403438568115e-01
-1.224228516221046448e-01
2.114264518022537231e-01
3.060145676136016846e-01
-3.827102482318878174e-01
4.401534795761108398e-01
-1.892748326063156128e-01
2.583861947059631348e-01
-6.720696091651916504e-01
-1.833592057228088379e-01
1.424334496259689331e-01
-3.911535143852233887e-01
-7.320824861526489258e-01
2.599776908755302429e-02
2.306745648384094238e-01
1.442317198961973190e-02
-6.023253798484802246e-01
3.724913597106933594e-01
1.328832149505615234e+00
-4.083135426044464111e-01
-2.165196239948272705e-01
8.552703261375427246e-01
-7.240043282508850098e-01
3.948955833911895752e-01
-2.277746498584747314e-01
-3.810206353664398193e-01
-6.265341043472290039e-01
-7.087624669075012207e-01
5.442340373992919922e-01
7.143517732620239258e-01
2.538436651229858398e-01
1.237128600478172302e-01
1.434154808521270752e-01
-3.044998459517955780e-02
-4.933904707431793213e-01
-8.826857209205627441e-01
8.878729939460754395e-01
1.188542246818542480e+00
5.465292334556579590e-01
4.121533632278442383e-01
-1.977184712886810303e-01
-9.563647955656051636e-02
2.223929911851882935e-01
7.383204996585845947e-02
1.917638033628463745e-01
4.218842983245849609e-01
-1.853229999542236328e-01
3.155152872204780579e-02
-1.311581023037433624e-02
5.756744369864463806e-02
1.027219966053962708e-01
3.568615317344665527e-01
-4.533642157912254333e-02
1.880534738302230835e-01
2.529301047325134277e-01
-1.015380173921585083e-01
4.173964262008666992e-01
-7.555250078439712524e-02
5.188512206077575684e-01
-1.944376975297927856e-01
1.527826189994812012e-01
7.649757862091064453e-01
-2.248277366161346436e-01
1.611531227827072144e-01
9.085602760314941406e-01
