1.621828973293304443e-02
2.204609848558902740e-02
1.256012357771396637e-02
-2.326390519738197327e-02
-1.292945817112922668e-04
3.244344517588615417e-02
2.193037886172533035e-03
-5.468985997140407562e-03
2.427225187420845032e-02
-7.105038501322269440e-03
-1.713718287646770477e-02
1.187024172395467758e-03
-2.492265775799751282e-02
2.000618353486061096e-02
5.821289960294961929e-03
2.508266828954219818e-02
2.130397595465183258e-02
2.547437325119972229e-02
-5.901436880230903625e-02
4.082353785634040833e-02
-1.373942289501428604e-02
9.026383981108665466e-03
-6.999772507697343826e-03
9.840048849582672119e-03
1.185519341379404068e-02
-2.590332739055156708e-02
-1.325642131268978119e-02
-1.799550093710422516e-02
-2.995513193309307098e-02
-2.914265170693397522e-02
2.240213192999362946e-02
-1.995045132935047150e-02
2.767515834420919418e-04
1.059458963572978973e-02
1.901935786008834839e-02
-2.406463958323001862e-03
1.725727878510951996e-02
-6.212727632373571396e-03
-1.643301919102668762e-02
-4.174582194536924362e-03
6.579917855560779572e-03
-2.003466524183750153e-02
1.529018394649028778e-02
3.842002712190151215e-03
-2.588835544884204865e-02
3.743071109056472778e-02
-3.733528777956962585e-02
1.484453026205301285e-02
3.584839403629302979e-02
1.128577254712581635e-02
-3.045181930065155029e-02
1.889348588883876801e-02
-9.863724932074546814e-03
2.924083499237895012e-03
8.887569420039653778e-03
1.560803037136793137e-02
2.408307231962680817e-02
-3.712501376867294312e-02
1.444411184638738632e-02
8.979927748441696167e-03
-4.783391486853361130e-03
2.344492636620998383e-02
-6.477328483015298843e-03
3.071804903447628021e-02
7.974487729370594025e-03
-2.058147452771663666e-02
-2.090493030846118927e-02
1.037315558642148972e-02
-6.302957423031330109e-03
2.276540175080299377e-02
-1.778388209640979767e-02
-4.412485286593437195e-03
-2.752856351435184479e-03
-3.903139010071754456e-02
-9.346840903162956238e-03
5.491228029131889343e-02
-3.909626975655555725e-03
-2.059719897806644440e-02
-2.904745377600193024e-02
-3.595022857189178467e-02
-2.185663208365440369e-02
2.548643760383129120e-02
-9.107102639973163605e-03
2.050652634352445602e-03
1.094045932404696941e-03
2.702189609408378601e-02
6.070030503906309605e-04
1.522396598011255264e-02
-3.249899670481681824e-02
-5.166862159967422485e-03
-8.943768218159675598e-03
-1.112119946628808975e-02
-4.247313365340232849e-03
1.672036387026309967e-02
5.680089816451072693e-03
4.266510950401425362e-04
-1.838646270334720612e-02
-4.541394009720534086e-04
-2.073563635349273682e-02
-1.912787742912769318e-02
