-2.415377832949161530e-02
-8.703701198101043701e-02
1.630908250808715820e-01
-1.534779518842697144e-01
-1.921508163213729858e-01
5.096846446394920349e-02
9.676365554332733154e-02
1.074461787939071655e-01
9.567327052354812622e-02
-5.926352739334106445e-02
-1.353022009134292603e-01
-1.103778108954429626e-01
-5.372228100895881653e-02
2.017998397350311279e-01
3.367881104350090027e-02
1.278401315212249756e-01
2.081896364688873291e-01
-3.027404248714447021e-01
1.428660899400711060e-01
-4.830228388309478760e-01
-2.253115177154541016e-01
1.420985162258148193e-01
-1.741363480687141418e-02
1.002154648303985596e-01
-9.756037592887878418e-02
1.360683292150497437e-01
3.319316804409027100e-01
-5.654687993228435516e-03
9.070751816034317017e-02
6.354498118162155151e-02
1.851969808340072632e-01
-2.794661931693553925e-02
-9.744607657194137573e-02
2.154405228793621063e-02
5.962661467492580414e-03
-2.429323941469192505e-01
-1.416489034891128540e-01
-6.817290186882019043e-02
1.327924579381942749e-01
7.491352409124374390e-02
-1.607031226158142090e-01
1.312597244977951050e-01
1.458652019500732422e-01
2.350486367940902710e-01
-1.507305204868316650e-01
1.781439930200576782e-01
-1.758154481649398804e-01
2.972320616245269775e-01
1.991412490606307983e-01
2.217587679624557495e-01
-1.757911741733551025e-01
-1.036862134933471680e-01
3.984055817127227783e-01
-3.906289488077163696e-02
1.369194239377975464e-01
1.111139133572578430e-01
-7.274299860000610352e-02
1.743846088647842407e-01
1.223471462726593018e-01
-2.385028898715972900e-01
4.917784780263900757e-02
-1.390423178672790527e-01
2.036146074533462524e-01
5.970525741577148438e-02
-1.938554495573043823e-01
9.666958940215408802e-04
-1.637533456087112427e-01
1.166094765067100525e-01
-1.594444215297698975e-01
1.415747106075286865e-01
9.893953800201416016e-02
4.694934487342834473e-01
1.163005083799362183e-01
2.541415020823478699e-02
1.086119189858436584e-01
-1.082504615187644958e-01
-5.526633188128471375e-02
1.908366009593009949e-02
1.566538214683532715e-01
3.747116401791572571e-02
-6.633877009153366089e-02
-1.938999444246292114e-01
-2.983015477657318115e-01
1.013587266206741333e-01
1.647739410400390625e-01
4.511015489697456360e-03
9.368994086980819702e-02
-2.013525962829589844e-01
-1.568089127540588379e-01
-2.882312238216400146e-01
1.674043685197830200e-01
-7.918463088572025299e-03
1.597049236297607422e-01
-2.900604605674743652e-01
-1.831407546997070312e-01
-1.218589693307876587e-01
-1.112931296229362488e-01
-1.170710772275924683e-01
1.302851438522338867e-01
-2.086169421672821045e-01
