-5.888633895665407181e-04
1.496571674942970276e-02
-2.002508379518985748e-02
9.738304466009140015e-02
4.472510516643524170e-02
-2.469615451991558075e-02
-4.794206470251083374e-02
5.527809262275695801e-03
-2.521959692239761353e-02
-1.868555508553981781e-02
9.514039754867553711e-02
3.164359182119369507e-02
3.490992635488510132e-02
-7.902184128761291504e-02
-4.376909881830215454e-02
-8.639358729124069214e-02
-5.840349942445755005e-02
5.829491838812828064e-02
4.016053304076194763e-02
1.235018596053123474e-01
4.262305796146392822e-02
-1.238990873098373413e-01
2.909698337316513062e-02
1.948982710018754005e-03
9.248729795217514038e-03
-4.615673050284385681e-02
-2.590934187173843384e-02
2.153323218226432800e-02
-6.854949891567230225e-02
-5.428555980324745178e-02
-7.761788554489612579e-03
-9.532397240400314331e-02
9.158184379339218140e-02
5.359836854040622711e-03
2.796741900965571404e-03
2.939809672534465790e-02
6.356681138277053833e-02
-3.736892016604542732e-03
-1.312382053583860397e-03
-7.771850377321243286e-02
-1.171661727130413055e-02
3.364820033311843872e-03
-3.956154920160770416e-03
-1.258879750967025757e-01
-3.053303249180316925e-02
-8.452758193016052246e-02
-7.537891622632741928e-03
-7.501622289419174194e-02
-1.910109072923660278e-02
-1.144462823867797852e-02
7.503670454025268555e-02
8.177401870489120483e-02
-3.169398382306098938e-02
3.827736154198646545e-02
-6.684850901365280151e-02
-6.501501053571701050e-02
-7.055205106735229492e-02
1.744206296280026436e-03
-5.333058908581733704e-02
8.023577928543090820e-02
-5.501410737633705139e-02
3.795946016907691956e-02
-7.439170032739639282e-02
-8.711043000221252441e-02
-2.240062877535820007e-02
5.235807225108146667e-02
1.283745095133781433e-02
8.960869163274765015e-03
-2.096855780109763145e-03
-1.641166508197784424e-01
-4.844039306044578552e-02
-1.293653249740600586e-01
-9.484777599573135376e-02
5.412754602730274200e-03
-2.196712046861648560e-02
8.836013264954090118e-03
7.182576227933168411e-04
6.032332777976989746e-03
-2.007737010717391968e-02
4.642963036894798279e-02
1.113462969660758972e-01
7.850071787834167480e-02
7.930770516395568848e-02
6.718123704195022583e-02
3.474840894341468811e-03
7.087203860282897949e-02
-7.726650685071945190e-02
4.540464654564857483e-02
1.548604965209960938e-01
3.987086564302444458e-02
-5.613631010055541992e-02
-5.007368326187133789e-02
-5.908058956265449524e-02
5.945222079753875732e-02
1.326824259012937546e-02
-2.587508596479892731e-02
3.924570232629776001e-02
1.155336201190948486e-01
-9.042322635650634766e-02
1.281639188528060913e-01
