-2.366189099848270416e-02
2.506923861801624298e-02
-5.579913500696420670e-03
5.595238762907683849e-04
4.088372457772493362e-03
2.314632013440132141e-02
-1.833225972950458527e-02
-4.650496412068605423e-03
1.507599651813507080e-02
-2.301744371652603149e-02
1.953621581196784973e-02
-3.644307842478156090e-03
-5.125056486576795578e-03
3.499415889382362366e-02
-4.657331388443708420e-03
-6.938381586223840714e-03
-1.123426109552383423e-02
3.616561740636825562e-02
-5.180607736110687256e-02
2.685266779735684395e-03
1.617208356037735939e-03
1.189297530800104141e-02
1.570114493370056152e-02
1.235513295978307724e-02
-3.418118576519191265e-04
1.913756132125854492e-02
8.787633851170539856e-03
1.777789089828729630e-03
-1.338056474924087524e-02
-9.259826503694057465e-03
2.518251724541187286e-02
-1.337636727839708328e-02
2.324761636555194855e-02
2.812143787741661072e-02
1.923689804971218109e-02
-1.834404841065406799e-02
-2.118079178035259247e-02
4.162334837019443512e-03
2.281063236296176910e-02
6.941337604075670242e-03
-5.914971698075532913e-04
-2.438592910766601562e-02
6.344488821923732758e-03
3.759262338280677795e-02
-2.560528740286827087e-02
1.064861193299293518e-02
1.557537470944225788e-03
-2.746059000492095947e-02
1.547816675156354904e-02
5.692386254668235779e-02
1.739461533725261688e-02
1.817317493259906769e-02
-8.997209370136260986e-03
-6.191163323819637299e-03
-1.872762665152549744e-02
-2.095229551196098328e-02
1.793510047718882561e-03
-1.657049730420112610e-02
1.132601057179272175e-03
8.100879378616809845e-03
-6.673421710729598999e-03
1.130563905462622643e-03
-3.017046954482793808e-03
2.506757713854312897e-02
3.097237495239824057e-04
-9.016369003802537918e-04
1.487358100712299347e-02
-1.211864780634641647e-02
-1.320497132837772369e-02
-1.334497518837451935e-02
-1.417153794318437576e-02
-1.720205135643482208e-02
-1.799912378191947937e-02
-1.441149413585662842e-02
-9.413377381861209869e-03
5.311383679509162903e-02
-8.934199810028076172e-03
-2.369046583771705627e-02
-6.274572014808654785e-02
-5.491271987557411194e-02
-2.663336321711540222e-02
4.083614621777087450e-04
-2.265367284417152405e-02
-7.933249697089195251e-03
1.295159477740526199e-02
-6.700547877699136734e-03
-1.548833400011062622e-02
-6.739142700098454952e-04
-1.645411178469657898e-02
-2.130800858139991760e-02
-2.115790732204914093e-02
1.274661719799041748e-02
1.680202409625053406e-02
5.148766189813613892e-02
-8.201627060770988464e-03
-6.696209777146577835e-03
-2.307749539613723755e-02
-2.982587367296218872e-02
-4.593308549374341965e-04
2.176193520426750183e-02
